image_width: 320
image_height: 240
camera_name: head_camera
camera_matrix:
  rows: 3
  cols: 3
  data: [407.62841111361, 0, 161.6856953817885, 0, 411.2820934398847, 85.32109606223685, 0, 0, 1]
distortion_model: plumb_bob
distortion_coefficients:
  rows: 1
  cols: 5
  data: [0.01145969804309484, 0.1188197783743086, -0.03898746306160902, -9.905014362049806e-05, 0]
rectification_matrix:
  rows: 3
  cols: 3
  data: [0.9979537762218397, -0.01183921120652635, 0.06283385713592411, 0.0117602922435704, 0.9999295238354639, 0.001625696321091889, -0.06284867580877324, -0.0008834252599143552, 0.9980226768510293]
projection_matrix:
  rows: 3
  cols: 4
  data: [436.5823433511962, 0, 133.6522579193115, -73.16941009040129, 0, 436.5823433511962, 77.61260604858398, 0, 0, 0, 1, 0]