image_width: 320
image_height: 240
camera_name: head_camera
camera_matrix:
  rows: 3
  cols: 3
  data: [430.686749200543, 0, 167.3004125773099, 0, 430.4886243300132, 128.1371349044819, 0, 0, 1]
distortion_model: plumb_bob
distortion_coefficients:
  rows: 1
  cols: 5
  data: [0.08249398608329303, 0.2350211788248042, 0.002815408655069542, -0.001938716725473051, 0]
rectification_matrix:
  rows: 3
  cols: 3
  data: [0.9990748574405054, 0.0008803759327243815, 0.04299597851486749, -0.001151094416346242, 0.9999796681929984, 0.006272015805562504, -0.04298958259716559, -0.00631570572760076, 0.9990555578391443]
projection_matrix:
  rows: 3
  cols: 4
  data: [455.976562047464, 0, 145.6654510498047, -42.75784450348934, 0, 455.976562047464, 124.9301118850708, 0, 0, 0, 1, 0]